0 30
0 47
0 74
0 167
0 202
0 208
0 212
0 239
1 32
1 154
1 157
1 195
1 205
2 64
2 91
2 105
2 168
2 188
2 251
3 4
3 22
3 69
3 75
3 83
3 120
3 142
3 160
3 162
3 197
3 224
3 233
3 254
4 18
4 31
4 37
4 38
4 41
4 51
4 74
4 82
4 89
4 131
4 149
4 171
4 184
4 193
5 15
5 125
5 202
5 204
5 250
6 71
7 17
7 116
7 129
7 153
7 171
7 177
7 185
7 192
7 222
7 248
8 22
8 28
8 41
8 66
8 73
8 95
8 140
8 152
8 159
8 253
9 41
9 55
9 126
9 222
9 227
9 228
10 58
10 132
10 141
10 156
10 160
10 168
10 178
10 253
11 22
11 33
11 47
11 72
11 87
11 137
12 15
12 23
12 81
12 104
12 153
12 202
12 236
13 35
13 43
13 91
13 119
13 125
13 162
13 171
13 194
13 197
13 241
13 247
14 71
14 152
14 165
14 185
14 202
14 237
14 254
15 22
15 30
15 96
15 179
15 183
15 184
16 44
16 73
16 160
16 210
16 225
17 30
17 36
17 38
17 84
17 134
17 189
17 191
18 21
18 22
18 29
18 117
18 244
18 253
19 38
19 53
19 115
19 128
19 168
19 189
19 193
19 195
19 214
19 233
19 235
20 31
20 75
20 78
20 88
20 93
20 119
20 126
20 127
20 135
20 208
20 210
20 212
20 224
21 95
21 98
21 128
21 173
21 174
21 243
21 253
22 28
22 66
22 78
22 88
22 90
22 95
22 102
22 108
22 115
22 168
22 189
22 221
22 240
23 36
23 51
23 63
23 77
23 94
23 130
23 139
23 152
23 211
24 56
24 81
24 127
24 151
24 223
24 253
25 34
25 41
25 79
25 112
25 120
25 147
25 202
26 93
26 105
26 124
26 164
26 208
27 68
27 99
27 106
27 108
27 190
27 200
27 234
27 248
28 30
28 39
28 76
28 78
28 137
28 145
28 160
28 239
29 58
29 79
29 123
30 85
30 111
30 122
30 139
30 204
30 214
30 237
31 168
31 207
31 213
31 238
32 69
32 93
32 175
32 190
32 222
32 235
33 51
33 123
33 210
33 229
33 238
34 44
34 139
34 205
34 221
34 223
34 246
35 78
35 99
35 118
35 152
35 164
35 199
35 216
35 252
36 45
36 133
36 168
36 177
36 208
36 220
37 66
37 98
37 104
37 194
37 233
37 250
38 151
38 182
38 204
39 54
39 73
39 157
39 163
39 187
39 193
40 83
40 116
40 219
40 233
40 235
40 248
41 106
41 153
42 44
42 65
42 105
42 121
42 139
42 149
42 236
42 243
43 200
43 242
44 46
44 86
44 121
44 179
44 211
44 220
44 233
45 63
45 64
45 105
45 116
45 127
45 151
45 171
45 185
45 188
45 210
45 215
45 218
45 251
46 144
46 188
46 198
46 212
46 242
47 61
47 76
47 98
47 137
47 182
47 229
47 234
48 105
48 137
48 179
48 216
49 65
49 75
49 145
49 167
49 185
49 190
49 220
49 243
49 246
50 102
50 141
50 175
50 187
50 232
50 252
50 255
51 64
51 91
51 175
51 219
51 229
51 232
51 247
52 76
52 90
52 109
52 147
52 151
52 162
52 203
52 230
52 242
53 90
53 93
53 99
53 109
53 120
53 122
53 133
53 166
53 174
53 192
53 217
53 218
53 228
53 239
54 73
54 82
54 121
54 125
54 127
54 187
54 196
54 199
55 171
55 223
55 234
56 86
56 176
56 179
56 192
56 203
57 63
57 111
57 154
57 162
57 167
57 170
57 172
57 193
58 93
58 233
59 151
59 158
59 215
59 221
59 238
60 69
60 90
60 169
60 204
60 218
61 90
61 94
61 98
61 112
61 162
61 172
61 186
61 226
61 247
62 90
62 94
62 106
62 117
62 127
62 148
62 167
63 166
63 183
63 194
63 201
64 87
64 115
64 164
64 168
64 169
64 193
64 217
64 251
65 80
65 100
65 163
65 169
65 216
65 245
65 247
66 71
66 134
66 151
66 172
66 212
66 213
67 82
67 95
67 101
67 129
67 140
67 147
67 149
67 189
67 193
67 219
67 221
67 252
68 70
68 88
68 100
68 116
68 120
68 122
68 160
68 187
68 192
68 217
69 132
69 146
69 155
69 191
69 220
69 251
70 97
70 99
70 128
70 205
70 230
70 255
71 74
71 77
71 92
71 190
71 194
71 196
71 203
71 216
72 87
72 105
72 157
72 165
72 175
72 180
72 203
72 233
72 241
73 180
74 85
74 116
74 121
74 163
74 228
74 247
75 141
75 191
75 198
75 224
76 184
76 243
77 120
77 125
77 153
77 179
77 226
77 240
77 252
78 122
78 153
79 81
79 104
79 156
79 187
79 198
79 210
80 183
80 250
81 90
81 108
81 140
81 142
81 199
81 200
81 227
81 234
81 251
82 83
82 165
82 178
82 192
82 240
82 241
82 253
83 107
83 136
83 177
84 136
84 170
84 172
84 177
84 222
85 108
85 153
85 161
85 166
85 217
85 232
85 234
86 98
86 123
86 138
86 208
86 230
87 165
87 171
87 188
87 211
87 218
87 245
87 247
87 254
88 117
88 124
88 167
88 188
88 250
89 92
89 120
89 136
89 175
89 232
90 127
90 148
90 255
91 95
91 112
91 169
91 196
91 232
92 100
92 107
92 176
92 183
92 221
92 251
93 96
93 141
93 174
93 183
93 217
94 141
94 209
94 243
95 101
95 144
95 156
95 186
95 209
95 218
97 98
97 129
97 138
97 186
97 238
97 255
98 112
98 113
98 198
99 131
99 160
99 214
99 230
99 234
99 235
99 247
100 111
100 138
100 173
100 183
100 190
100 214
100 219
100 249
100 253
101 135
101 143
101 160
101 164
101 212
101 218
101 221
102 109
102 167
102 199
102 204
103 129
103 142
103 143
103 151
103 198
103 226
103 250
104 162
104 210
104 223
105 113
105 143
105 158
105 183
105 197
105 203
105 245
106 146
107 177
107 195
107 209
107 219
107 238
107 246
108 138
108 143
108 160
108 220
108 244
109 195
110 154
110 159
110 163
110 185
110 228
110 247
111 115
111 124
112 133
112 140
112 195
112 232
113 127
113 165
113 176
113 253
114 138
115 132
115 139
115 247
116 217
116 247
117 227
117 232
117 251
117 255
118 135
118 155
118 205
118 237
118 242
119 126
119 184
119 185
119 193
119 201
119 227
120 130
120 138
120 144
120 164
120 194
120 228
120 250
121 222
122 165
122 166
122 188
122 201
122 244
122 252
123 129
123 221
124 143
124 144
124 146
124 175
124 198
124 235
125 140
125 190
125 201
125 228
126 179
126 225
126 227
126 250
127 143
127 176
128 131
128 133
128 162
128 179
128 188
128 194
128 224
128 239
129 135
129 159
129 190
129 216
130 223
131 135
131 150
131 155
131 183
131 241
132 173
132 175
132 187
132 216
133 208
133 223
133 232
134 187
134 200
134 222
135 153
135 158
135 177
135 190
135 218
136 164
136 219
136 221
136 252
137 148
137 185
137 229
138 173
138 184
139 164
139 166
139 197
139 254
140 185
140 189
140 223
140 226
140 250
141 149
141 161
141 174
141 178
141 196
141 252
142 144
142 204
142 209
142 234
142 254
143 157
143 169
143 200
143 232
144 159
144 160
144 189
144 193
144 244
145 202
146 221
147 158
147 195
147 227
148 158
148 165
148 178
148 187
148 219
150 154
150 171
150 196
150 198
150 203
150 224
150 250
151 184
151 200
151 207
151 219
151 229
151 241
151 246
151 251
152 183
152 185
152 226
152 254
153 171
153 185
153 230
154 187
154 209
154 212
154 223
154 239
155 207
155 221
156 168
156 174
156 200
157 175
157 186
157 204
157 226
158 184
158 207
158 218
159 174
159 180
159 251
160 200
160 210
160 251
161 163
161 178
161 199
161 208
162 206
163 164
164 181
164 184
164 197
164 224
165 172
165 176
165 187
165 247
166 187
166 234
167 177
167 239
168 197
168 239
169 179
169 190
169 232
169 251
170 236
171 214
171 236
172 194
173 174
173 208
174 210
175 178
175 202
175 223
175 235
176 191
176 194
176 235
177 214
177 219
177 231
177 244
177 250
178 220
179 209
179 239
179 244
179 253
181 191
181 222
182 242
183 209
183 235
183 240
186 202
186 208
186 209
186 210
186 241
187 228
187 230
189 197
190 198
190 203
190 210
190 237
190 239
192 229
192 247
193 214
193 216
194 197
195 199
195 206
195 214
195 229
195 244
195 255
197 208
197 215
197 216
198 243
198 251
199 236
200 201
200 207
200 220
201 213
201 223
201 245
203 218
203 222
203 231
204 228
206 207
206 225
209 244
209 251
214 225
214 234
214 245
214 251
216 231
216 252
217 222
218 235
218 252
219 221
219 230
224 249
225 254
227 237
228 252
229 241
230 240
230 245
231 235
231 251
233 240
238 251
244 252
249 251
251 255
