0 5
0 10
0 18
0 26
0 42
0 53
0 58
0 69
0 107
1 77
1 92
1 105
2 59
2 96
2 101
3 6
3 25
3 37
4 51
4 96
5 24
5 26
5 48
6 8
6 16
6 18
6 49
6 99
7 32
7 75
7 94
8 14
8 29
8 45
8 95
8 99
8 110
9 94
10 38
10 42
10 68
10 70
10 90
10 106
11 13
11 38
11 39
11 91
12 46
12 88
12 112
12 127
13 45
13 95
14 77
14 88
14 120
15 74
15 83
15 122
16 45
16 47
16 48
16 70
16 83
16 85
16 87
16 104
16 110
17 30
17 60
17 81
18 37
18 65
18 81
18 82
18 125
19 29
19 30
19 32
19 64
19 89
20 28
20 48
20 49
20 93
21 43
21 44
21 46
21 70
21 72
21 85
21 108
22 80
22 103
23 71
23 111
24 68
24 119
25 27
25 43
25 48
25 90
25 110
26 52
26 61
27 38
27 68
27 70
27 79
27 104
28 111
28 122
29 32
29 101
29 109
30 45
30 105
30 120
31 55
31 80
31 117
32 89
32 97
32 98
32 105
32 127
33 39
33 42
33 48
33 77
34 63
34 75
34 112
34 113
34 123
35 75
35 78
35 81
35 97
35 102
35 123
36 58
36 61
36 64
37 39
37 42
37 68
38 57
38 61
38 75
39 43
39 92
39 127
40 81
40 86
40 112
42 47
42 83
42 84
43 68
43 69
43 115
44 55
44 70
44 77
44 87
46 93
47 48
48 107
48 111
49 57
49 85
49 104
49 117
50 64
50 85
51 75
51 93
51 126
52 87
52 120
53 116
54 58
54 91
55 96
56 94
56 95
57 66
57 96
58 105
58 126
59 113
60 65
61 65
61 77
61 122
63 100
63 122
63 127
64 75
64 97
64 105
64 126
65 91
65 99
66 71
68 72
68 80
69 104
70 83
70 105
70 112
70 122
71 77
71 110
71 120
72 87
72 100
72 102
72 122
72 127
73 83
73 106
73 125
74 75
74 104
74 112
74 126
75 101
75 107
76 90
77 82
77 92
78 91
78 93
79 113
79 121
81 100
81 113
83 117
84 114
87 90
89 116
92 104
92 112
93 121
94 101
96 114
97 113
97 123
99 114
103 108
103 125
106 113
108 122
109 123
112 124
